Aaliyah:1.4049004
Noah:7.745221
Jazmine:4.042635
Juan:10.461106
Aiden:5.1486745
Sofia:1.443532
Omar:1.5192326
Gianna:15.159057
Xavier:13.71595
Leilani:7.635008
Amir:16.522697
Yara:4.6587505
Malik:1.3503975
Nia:16.423597
Andres:0.63983387
Saniyah:9.069734
Elijah:0.08812806
Maya:5.501577
Mateo:9.568605
Amara:4.947599
Adrian:12.926419
Asha:0.12459362
Jayden:8.219237
Kira:0.008095567
Diego:1.7132066
Ava:5.927198
Alejandro:16.322865
Anaya:13.458703
Gabriel:4.6651416
Kai:0.008770198
Omarion:13.711832
Mira:1.7577323
Josiah:7.832355
Samira:9.763574
Hassan:4.3898926
Leyla:16.598328
Jaden:16.014275
Nyla:17.425816
Zaid:5.671158
Emani:9.5581665
Jeremiah:6.158028
Fatima:5.137738
Micah:13.197763
Nasir:10.554809
Ruby:1.0422332
Zariah:6.923414
Kendrick:0.17394818
Zayna:3.8104558
Ezequiel:10.7363205
Sariyah:1.4731802
